11108.798199073517
20497.50589359587
38132.314873728516
44861.91855252859
68942.07890560225
5634.421436967885
12383.722148772293
27579.827699700298
40389.0486079977
12513.971755305689
25720.163957772653
33293.130324877224
42247.99066641476
58962.16405058756
6249.290701627043
11300.6362365043
42262.035036284055
59526.46541925206
9884.05911258343
23708.55259832596
29832.354371772726
41712.39448947704
58438.298288404694
5300.278984630685
10754.467357439367
32566.037054979763
43576.603550953725
14944.735000437495
21475.683400264992
33594.397356617366
49341.05283586197
66566.88499299485
5692.190344819923
10898.926589840703
34844.85784058357
47852.898993589544
12726.062614311822
20260.318308471968
34838.78776940538
38833.380451933444
66933.94304078443
7531.564374153119
9300.313875646658
29282.56888377282
47273.59465398283
13781.76094913898
25769.81428064173
45435.01364446223
51224.56492976812
59960.78053510417
7562.952756538376
14792.635919896251
31872.97630370552
48446.08083172079
